0.000000 1.000000
0.002506 0.999997
0.005013 0.999987
0.007519 0.999972
0.010025 0.999950
0.012531 0.999921
0.015038 0.999887
0.017544 0.999846
0.020050 0.999799
0.022556 0.999746
0.025063 0.999686
0.027569 0.999620
0.030075 0.999548
0.032581 0.999469
0.035088 0.999384
0.037594 0.999293
0.040100 0.999196
0.042607 0.999092
0.045113 0.998982
0.047619 0.998866
0.050125 0.998743
0.052632 0.998614
0.055138 0.998479
0.057644 0.998337
0.060150 0.998189
0.062657 0.998035
0.065163 0.997875
0.067669 0.997708
0.070175 0.997535
0.072682 0.997355
0.075188 0.997169
0.077694 0.996977
0.080201 0.996779
0.082707 0.996574
0.085213 0.996363
0.087719 0.996145
0.090226 0.995921
0.092732 0.995691
0.095238 0.995455
0.097744 0.995212
0.100251 0.994962
0.102757 0.994706
0.105263 0.994444
0.107769 0.994176
0.110276 0.993901
0.112782 0.993620
0.115288 0.993332
0.117794 0.993038
0.120301 0.992737
0.122807 0.992431
0.125313 0.992117
0.127820 0.991797
0.130326 0.991471
0.132832 0.991139
0.135338 0.990799
0.137845 0.990454
0.140351 0.990102
0.142857 0.989743
0.145363 0.989378
0.147870 0.989007
0.150376 0.988629
0.152882 0.988244
0.155388 0.987853
0.157895 0.987456
0.160401 0.987052
0.162907 0.986641
0.165414 0.986224
0.167920 0.985801
0.170426 0.985370
0.172932 0.984934
0.175439 0.984490
0.177945 0.984040
0.180451 0.983584
0.182957 0.983121
0.185464 0.982651
0.187970 0.982175
0.190476 0.981692
0.192982 0.981202
0.195489 0.980706
0.197995 0.980203
0.200501 0.979693
0.203008 0.979177
0.205514 0.978654
0.208020 0.978125
0.210526 0.977588
0.213033 0.977045
0.215539 0.976495
0.218045 0.975939
0.220551 0.975375
0.223058 0.974805
0.225564 0.974228
0.228070 0.973645
0.230576 0.973054
0.233083 0.972457
0.235589 0.971853
0.238095 0.971242
0.240602 0.970624
0.243108 0.969999
0.245614 0.969368
0.248120 0.968729
0.250627 0.968084
0.253133 0.967432
0.255639 0.966772
0.258145 0.966106
0.260652 0.965433
0.263158 0.964753
0.265664 0.964066
0.268170 0.963371
0.270677 0.962670
0.273183 0.961962
0.275689 0.961247
0.278195 0.960524
0.280702 0.959795
0.283208 0.959059
0.285714 0.958315
0.288221 0.957564
0.290727 0.956806
0.293233 0.956041
0.295739 0.955269
0.298246 0.954489
0.300752 0.953702
0.303258 0.952908
0.305764 0.952107
0.308271 0.951299
0.310777 0.950483
0.313283 0.949660
0.315789 0.948829
0.318296 0.947991
0.320802 0.947146
0.323308 0.946294
0.325815 0.945434
0.328321 0.944566
0.330827 0.943691
0.333333 0.942809
0.335840 0.941919
0.338346 0.941022
0.340852 0.940117
0.343358 0.939204
0.345865 0.938284
0.348371 0.937357
0.350877 0.936421
0.353383 0.935479
0.355890 0.934528
0.358396 0.933570
0.360902 0.932604
0.363409 0.931630
0.365915 0.930648
0.368421 0.929659
0.370927 0.928662
0.373434 0.927657
0.375940 0.926644
0.378446 0.925623
0.380952 0.924595
0.383459 0.923558
0.385965 0.922513
0.388471 0.921461
0.390977 0.920400
0.393484 0.919332
0.395990 0.918255
0.398496 0.917170
0.401003 0.916077
0.403509 0.914976
0.406015 0.913866
0.408521 0.912749
0.411028 0.911623
0.413534 0.910489
0.416040 0.909346
0.418546 0.908195
0.421053 0.907036
0.423559 0.905869
0.426065 0.904692
0.428571 0.903508
0.431078 0.902315
0.433584 0.901113
0.436090 0.899903
0.438596 0.898684
0.441103 0.897457
0.443609 0.896220
0.446115 0.894976
0.448622 0.893722
0.451128 0.892459
0.453634 0.891188
0.456140 0.889908
0.458647 0.888619
0.461153 0.887321
0.463659 0.886014
0.466165 0.884698
0.468672 0.883372
0.471178 0.882038
0.473684 0.880695
0.476190 0.879342
0.478697 0.877980
0.481203 0.876609
0.483709 0.875229
0.486216 0.873839
0.488722 0.872440
0.491228 0.871031
0.493734 0.869613
0.496241 0.868185
0.498747 0.866748
0.501253 0.865301
0.503759 0.863844
0.506266 0.862378
0.508772 0.860901
0.511278 0.859415
0.513784 0.857919
0.516291 0.856413
0.518797 0.854897
0.521303 0.853371
0.523810 0.851835
0.526316 0.850289
0.528822 0.848733
0.531328 0.847166
0.533835 0.845589
0.536341 0.844001
0.538847 0.842404
0.541353 0.840795
0.543860 0.839176
0.546366 0.837547
0.548872 0.835906
0.551378 0.834255
0.553885 0.832593
0.556391 0.830921
0.558897 0.829237
0.561404 0.827542
0.563910 0.825836
0.566416 0.824119
0.568922 0.822391
0.571429 0.820652
0.573935 0.818901
0.576441 0.817139
0.578947 0.815365
0.581454 0.813580
0.583960 0.811783
0.586466 0.809974
0.588972 0.808153
0.591479 0.806321
0.593985 0.804476
0.596491 0.802620
0.598997 0.800751
0.601504 0.798870
0.604010 0.796977
0.606516 0.795071
0.609023 0.793153
0.611529 0.791222
0.614035 0.789279
0.616541 0.787323
0.619048 0.785353
0.621554 0.783371
0.624060 0.781376
0.626566 0.779368
0.629073 0.777346
0.631579 0.775312
0.634085 0.773263
0.636591 0.771201
0.639098 0.769126
0.641604 0.767036
0.644110 0.764933
0.646617 0.762815
0.649123 0.760684
0.651629 0.758538
0.654135 0.756378
0.656642 0.754203
0.659148 0.752013
0.661654 0.749809
0.664160 0.747590
0.666667 0.745356
0.669173 0.743107
0.671679 0.740842
0.674185 0.738562
0.676692 0.736266
0.679198 0.733955
0.681704 0.731628
0.684211 0.729285
0.686717 0.726925
0.689223 0.724549
0.691729 0.722157
0.694236 0.719748
0.696742 0.717322
0.699248 0.714879
0.701754 0.712419
0.704261 0.709942
0.706767 0.707446
0.709273 0.704934
0.711779 0.702403
0.714286 0.699854
0.716792 0.697287
0.719298 0.694701
0.721805 0.692097
0.724311 0.689474
0.726817 0.686831
0.729323 0.684169
0.731830 0.681488
0.734336 0.678786
0.736842 0.676065
0.739348 0.673323
0.741855 0.670561
0.744361 0.667778
0.746867 0.664973
0.749373 0.662148
0.751880 0.659300
0.754386 0.656431
0.756892 0.653540
0.759398 0.650626
0.761905 0.647689
0.764411 0.644729
0.766917 0.641746
0.769424 0.638739
0.771930 0.635708
0.774436 0.632652
0.776942 0.629572
0.779449 0.626466
0.781955 0.623335
0.784461 0.620178
0.786967 0.616995
0.789474 0.613784
0.791980 0.610547
0.794486 0.607282
0.796992 0.603989
0.799499 0.600668
0.802005 0.597317
0.804511 0.593937
0.807018 0.590527
0.809524 0.587087
0.812030 0.583616
0.814536 0.580113
0.817043 0.576577
0.819549 0.573009
0.822055 0.569408
0.824561 0.565772
0.827068 0.562102
0.829574 0.558397
0.832080 0.554655
0.834586 0.550877
0.837093 0.547061
0.839599 0.543207
0.842105 0.539313
0.844612 0.535380
0.847118 0.531405
0.849624 0.527389
0.852130 0.523330
0.854637 0.519227
0.857143 0.515079
0.859649 0.510885
0.862155 0.506644
0.864662 0.502355
0.867168 0.498016
0.869674 0.493626
0.872180 0.489184
0.874687 0.484689
0.877193 0.480138
0.879699 0.475530
0.882206 0.470865
0.884712 0.466138
0.887218 0.461350
0.889724 0.456498
0.892231 0.451580
0.894737 0.446594
0.897243 0.441537
0.899749 0.436407
0.902256 0.431202
0.904762 0.425918
0.907268 0.420553
0.909774 0.415103
0.912281 0.409566
0.914787 0.403937
0.917293 0.398212
0.919799 0.392389
0.922306 0.386461
0.924812 0.380424
0.927318 0.374274
0.929825 0.368003
0.932331 0.361606
0.934837 0.355077
0.937343 0.348407
0.939850 0.341588
0.942356 0.334612
0.944862 0.327468
0.947368 0.320145
0.949875 0.312631
0.952381 0.304911
0.954887 0.296969
0.957393 0.288787
0.959900 0.280343
0.962406 0.271615
0.964912 0.262572
0.967419 0.253182
0.969925 0.243405
0.972431 0.233190
0.974937 0.222480
0.977444 0.211197
0.979950 0.199244
0.982456 0.186494
0.984962 0.172769
0.987469 0.157815
0.989975 0.141243
0.992481 0.122397
0.994987 0.100000
0.997494 0.070755
1.000000 0.000000
